lambda = [1, 0, 0, 0, 0, 0, 0, 0, 0, 0, 0, 0, 0, 0, 0, 0, 0, 0, 0, 0, 0, 0, 0, 0, 0, 0]

mu[2, 0] = [
[0, 1, 0, 0, 0, 0, 0, 0, 0, 0, 0, 0, 0, 0, 0, 0, 0, 0, 0, 0, 0, 0, 0, 0, 0, 0],
[0, 0, 0, 0, 0, 0, 0, 0, 0, 0, 0, 0, 0, 0, 0, 0, 0, 0, 0, 0, 0, 0, 0, 0, 0, 0],
[0, 0, 0, -2, -4, 0, 0, 4, 4, 0, 1, 0, 0, -2, -4, -2, 2, 0, 0, 0, 0, 2, 0, 0, 0, 0],
[0, 0, 0, -6, -12, 0, 0, 12, 12, 0, 3, 0, 0, -6, -12, -6, 6, 0, 0, 1, 0, 6, 0, 0, 0, 0],
[0, 0, 0, 0, 0, 0, 0, 0, 0, 0, 0, 0, 0, 0, 0, 0, 0, 0, 0, 0, 0, 0, 0, 0, 0, 0],
[0, 0, 0, 0, 0, 0, 0, 0, 0, 0, 0, 0, 0, 0, 0, 0, 0, 0, 0, 0, 0, 0, 0, 0, 0, 0],
[0, -1, 0, 8, 16, 0, 0, -16, -16, 0, -4, 0, 0, 8, 16, 8, -7, 0, 0, -2, 0, -8, 0, 0, 0, 0],
[0, 1, 0, 0, 0, 0, 0, 0, 0, 0, 0, 0, 0, 0, 0, 0, 0, 0, 0, 0, 0, 0, 0, 0, 0, 0],
[0, 0, 0, -2, -4, 0, 0, 4, 4, 0, 1, 0, 0, -2, -4, -2, 2, 0, 0, 0, 0, 2, 0, 0, 0, 0],
[0, 0, 0, 0, 0, 0, 0, 0, 0, 0, 0, 0, 0, 0, 0, 0, 0, 0, 0, 0, 0, 0, 0, 0, 0, 0],
[0, 0, 0, 0, 0, 0, 0, 0, 0, 0, 0, 0, 0, 0, 0, 0, 0, 0, 0, 0, 0, 0, 0, 0, 0, 0],
[0, 0, 0, 0, 0, 0, 0, 0, 0, 0, 1, 0, 0, 0, 0, 0, 1, 0, 0, 0, 0, 0, 0, 0, 0, 0],
[0, -1, 0, 0, 0, 0, 0, 0, 0, 0, 1, 0, 0, 0, 0, 0, 2, 0, 0, 0, 0, 0, 0, 0, 0, 0],
[0, 0, 0, -6, -12, 0, 0, 12, 12, 0, 3, 0, 0, -6, -12, -6, 6, 0, 0, 1, 0, 6, 0, 0, 0, 0],
[0, 1, 0, -1, -2, 0, 0, 2, 2, 0, 1, 0, 0, -1, -2, -1, 1, 0, 0, 0, 0, 1, 0, 0, 0, 0],
[0, 0, 0, 0, 0, 0, 0, 0, 0, 0, 0, 0, 0, 0, 0, 0, 0, 0, 0, 0, 0, 0, 0, 0, 0, 0],
[0, 0, 0, 0, 0, 0, 0, 0, 0, 0, 0, 0, 0, 0, 0, 0, 0, 0, 0, 0, 0, 0, 0, 0, 0, 0],
[0, 1, 0, 3, 6, 0, 0, -6, -6, 0, -2, 0, 0, 3, 6, 3, -4, 0, 0, -1, 0, -3, 0, 0, 0, 0],
[0, 0, 0, 5, 10, 0, 0, -10, -10, 0, -3, 0, 0, 5, 10, 5, -5, 0, 0, -1, 0, -5, 0, 0, 0, 0],
[0, 0, 0, 0, 0, 0, 0, 0, 0, 0, 0, 0, 0, 0, 0, 0, 0, 0, 0, 0, 0, 0, 0, 0, 0, 0],
[0, 0, 0, 4, 8, 0, 0, -8, -8, 0, -3, 0, 0, 4, 8, 4, -4, 0, 0, -1, 0, -4, 0, 0, 0, 0],
[0, 0, 0, -10, -20, 0, 0, 20, 20, 0, 6, 0, 0, -10, -20, -10, 10, 0, 0, 2, 0, 10, 0, 0, 0, 0],
[0, 0, 0, 3, 6, 0, 0, -6, -6, 0, -2, 0, 0, 3, 6, 3, -3, 0, 0, -1, 0, -3, 0, 0, 0, 0],
[0, 0, 0, -1, -2, 0, 0, 2, 2, 0, 0, 0, 0, -1, -2, -1, 0, 0, 0, 0, 0, 1, 0, 0, 0, 0],
[0, 0, 0, -2, -4, 0, 0, 4, 4, 0, 1, 0, 0, -2, -4, -2, 2, 0, 0, 0, 0, 2, 0, 0, 0, 0],
[0, 1, 0, 11, 22, 0, 0, -22, -22, 0, -6, 0, 0, 11, 22, 11, -11, 0, 0, -2, 0, -11, 0, 0, 0, 0]
]

mu[1, 0] = [
[0, 0, 0, 0, 0, 0, 0, 1, 0, 0, 0, 0, 0, 0, 0, 0, 0, 0, 0, 0, 0, 0, 0, 0, 0, 0],
[0, 0, 0, 0, 0, 0, 0, 0, 0, 0, 0, 0, 0, 0, 0, 0, 0, 0, 0, 0, 0, 0, 0, 0, 0, 0],
[0, 0, 2, 0, -1, 0, 0, 1, 1, 0, 0, 0, 0, 0, -1, 0, 0, 0, 0, 0, 0, 0, 0, 0, 0, 0],
[0, 0, 4, 0, -2, 0, 0, 2, 2, 0, 0, 0, 0, 1, -2, 0, 0, 0, 0, 0, 0, 0, 0, 0, 0, 0],
[0, 0, 0, 0, 0, 0, 0, 0, 0, 0, 0, 0, 0, 0, 0, 0, 0, 0, 0, 0, 0, 0, 0, 0, 0, 0],
[0, 0, 0, 0, 0, 0, 0, 0, 0, 0, 0, 0, 0, 0, 0, 0, 0, 0, 0, 0, 0, 0, 0, 0, 0, 0],
[1, 0, -5, 0, 2, 0, 1, -3, -2, 0, 0, 0, 0, -2, 2, -1, 0, 0, 0, 0, 0, 1, 0, 0, 0, 0],
[0, 0, 0, 0, 0, 0, 0, 1, 0, 0, 0, 0, 0, 0, 0, 0, 0, 0, 0, 0, 0, 0, 0, 0, 0, 0],
[0, 0, 2, 0, -1, 0, 0, 1, 1, 0, 0, 0, 0, 0, -1, 0, 0, 0, 0, 0, 0, 0, 0, 0, 0, 0],
[0, 0, 0, 0, 0, 0, 0, 0, 0, 0, 0, 0, 0, 0, 0, 0, 0, 0, 0, 0, 0, 0, 0, 0, 0, 0],
[0, 0, 0, 0, 0, 0, 0, 0, 0, 0, 0, 0, 0, 0, 0, 0, 0, 0, 0, 0, 0, 0, 0, 0, 0, 0],
[1, 0, -1, 0, -1, 0, 1, 1, 1, 0, 0, 0, 0, 0, -1, -1, 0, 0, 0, 0, 0, 1, 0, 0, 0, 0],
[2, 0, -1, -1, -2, 0, 2, 1, 2, 0, 0, 0, 0, 0, -2, -2, 0, 0, 0, 0, 0, 2, -1, 0, 0, 0],
[0, 0, 4, 0, -2, 0, 0, 2, 2, 0, 0, 0, 0, 1, -2, 0, 0, 0, 0, 0, 0, 0, 0, 0, 0, 0],
[0, 0, 1, 0, -1, 0, 0, 2, 1, 0, 0, 0, 0, 0, -1, 0, 0, 0, 0, 0, 0, 0, 0, 0, 0, 0],
[0, 0, 0, 0, 0, 0, 0, 0, 0, 0, 0, 0, 0, 0, 0, 0, 0, 0, 0, 0, 0, 0, 0, 0, 0, 0],
[0, 0, 0, 0, 0, 0, 0, 0, 0, 0, 0, 0, 0, 0, 0, 0, 0, 0, 0, 0, 0, 0, 0, 0, 0, 0],
[-1, 0, 0, 1, 3, 0, -1, -2, -3, 0, 0, 0, 0, 0, 3, 2, -1, 0, 0, 1, 0, -2, 0, 0, 0, 0],
[0, 0, -3, 0, 2, 0, 0, -2, -2, 0, 0, 0, 0, -1, 2, 0, 0, 0, 0, 0, 0, 0, 0, 0, 0, 0],
[0, 0, 0, 0, 0, 0, 0, 0, 0, 0, 0, 0, 0, 0, 0, 0, 0, 0, 0, 0, 0, 0, 0, 0, 0, 0],
[0, 0, -2, 0, 2, 0, 0, -2, -2, 0, 0, 0, 0, -1, 2, 0, 0, 0, 0, 0, 0, 0, 0, 0, 0, 0],
[0, 0, 6, 0, -4, 0, 0, 4, 4, 0, 0, 0, 0, 2, -4, 0, 0, 0, 0, 0, 0, 0, 0, 0, 0, 0],
[0, 0, -1, 0, 1, 0, 0, -1, -1, 0, 0, 0, 0, -1, 1, 0, 0, 0, 0, 0, 0, 0, 0, 0, 0, 0],
[-1, 0, 2, 1, 2, 0, -1, -2, -2, 0, 0, 0, 0, 1, 2, 2, -1, 0, 0, 1, 0, -2, 0, 0, 0, 0],
[0, 0, 2, 0, -1, 0, 0, 1, 1, 0, 0, 0, 0, 0, -1, 0, 0, 0, 0, 0, 0, 0, 0, 0, 0, 0],
[0, 0, -6, 0, 5, 0, 0, -4, -5, 0, 0, 0, 0, -1, 5, 1, -1, 0, 0, 1, 0, -1, -1, 0, 0, 0]
]

mu[2, 1] = [
[0, 1, 0, -1, -2, 0, 0, 2, 2, 0, 0, 0, 0, -1, -2, -1, 1, 0, 0, 0, 0, 1, 0, 0, 0, 0],
[0, 0, 0, 0, 0, 0, 0, 0, 0, 0, 0, 0, 0, 0, 0, 0, 0, 0, 0, 0, 0, 0, 0, 0, 0, 0],
[0, 0, 0, -2, -4, 0, 0, 4, 4, 0, 1, 0, 0, -2, -4, -2, 2, 0, 0, 0, 0, 2, 0, 0, 0, 0],
[0, 0, 0, -5, -12, -1, 0, 12, 12, 0, 3, 0, 0, -7, -12, -6, 7, 0, 0, 0, 0, 6, 0, 0, 0, 0],
[0, 1, 0, 0, 0, 0, 0, 0, 0, 0, 0, 0, 0, 0, 0, 0, 0, 0, 0, 0, 0, 0, 0, 0, 0, 0],
[0, 0, 0, 0, 0, 0, 0, 0, 0, 0, 0, 0, 0, 0, 0, 0, 0, 0, 0, 0, 0, 0, 0, 0, 0, 0],
[0, -1, 0, 7, 18, 2, 0, -18, -18, 0, -4, 0, 0, 11, 18, 9, -10, 0, 0, 0, 0, -9, 0, 0, 0, 0],
[0, 1, 0, -1, -2, 0, 0, 2, 2, 0, 0, 0, 0, -1, -2, -1, 1, 0, 0, 0, 0, 1, 0, 0, 0, 0],
[0, 0, 0, 0, 0, 0, 0, 0, 0, 0, 0, 0, 0, 0, 0, 0, 0, 0, 0, 0, 0, 0, 0, 0, 0, 0],
[0, 0, 0, 0, 0, 0, 0, 0, 0, 0, 0, 0, 0, 0, 0, 0, 0, 0, 0, 0, 0, 0, 0, 0, 0, 0],
[0, 0, 0, 0, 0, 0, 0, 0, 0, 0, 0, 0, 0, 0, 0, 0, 0, 0, 0, 0, 0, 0, 0, 0, 0, 0],
[0, 0, 0, 0, 0, 0, 0, 0, 0, 0, 0, 0, 0, 0, 0, 0, 0, 0, 0, 0, 0, 0, 0, 0, 0, 0],
[0, -1, 0, 0, 0, 0, 0, 0, 0, 0, 1, 0, 0, 0, 0, 0, 2, 0, 0, -1, 0, 0, 0, 0, 0, 0],
[0, 0, 0, -5, -12, -1, 0, 12, 12, 0, 3, 0, 0, -7, -12, -6, 7, 0, 0, 0, 0, 6, 0, 0, 0, 0],
[0, 0, 0, 0, 0, 0, 0, 0, 0, 0, 0, 0, 0, 0, 0, 0, 0, 0, 0, 0, 0, 0, 0, 0, 0, 0],
[0, 0, 0, 0, 0, 0, 0, 0, 0, 0, 0, 0, 0, 0, 0, 0, 0, 0, 0, 0, 0, 0, 0, 0, 0, 0],
[0, 0, 0, 0, 0, 0, 0, 0, 0, 0, 0, 0, 0, 0, 0, 0, 0, 0, 0, 0, 0, 0, 0, 0, 0, 0],
[0, -1, 0, 1, 4, 1, 0, -4, -4, 0, -1, 0, 0, 3, 4, 2, -2, 0, 0, 0, 0, -2, 0, 0, 0, 0],
[0, 0, 0, 4, 10, 1, 0, -10, -10, 0, -3, 0, 0, 6, 10, 5, -6, 0, 0, 0, 0, -5, 0, 0, 0, 0],
[0, 0, 0, 0, 0, 0, 0, 0, 0, 0, 0, 0, 0, 0, 0, 0, 0, 0, 0, 0, 0, 0, 0, 0, 0, 0],
[0, 0, 0, 4, 10, 1, 0, -10, -10, 0, -3, 0, 0, 6, 10, 5, -6, 0, 0, 0, 0, -5, 0, 0, 0, 0],
[0, 0, 0, -8, -20, -2, 0, 20, 20, 0, 6, 0, 0, -12, -20, -10, 12, 0, 0, 0, 0, 10, 0, 0, 0, 0],
[0, 0, 0, 2, 6, 1, 0, -6, -6, 0, -2, 0, 0, 4, 6, 3, -4, 0, 0, 0, 0, -3, 0, 0, 0, 0],
[0, 0, 0, 0, 0, 0, 0, 0, 0, 0, 0, 0, 0, 0, 0, 0, 0, 0, 0, 0, 0, 0, 0, 0, 0, 0],
[0, 0, 0, -2, -4, 0, 0, 4, 4, 0, 1, 0, 0, -2, -4, -2, 2, 0, 0, 0, 0, 2, 0, 0, 0, 0],
[0, 0, 0, 8, 20, 2, 0, -20, -20, 0, -6, 0, 0, 12, 20, 10, -12, 0, 0, 0, 0, -10, 0, 0, 0, 0]
]

mu[0, 0] = [
[1, 0, 0, 0, 0, 0, 0, 0, 0, 0, 0, 0, 0, 0, 0, 0, 0, 0, 0, 0, 0, 0, 0, 0, 0, 0],
[0, 0, 0, 0, 0, 0, 0, 1, 0, 0, 0, 0, 0, 0, 0, 0, 0, 0, 0, 0, 0, 0, 0, 0, 0, 0],
[0, 0, 2, 0, -1, 0, 0, 1, 1, 0, 0, 0, 0, 0, -1, 0, 0, 0, 0, 0, 0, 0, 0, 0, 0, 0],
[3, 0, 1, 0, -5, 0, 3, 3, 5, 0, 0, 0, -1, 0, -5, -3, 0, 0, 0, 0, 0, 3, 0, 0, 0, 0],
[0, 0, 0, 0, 0, 0, 0, 0, 0, 0, 0, 0, 0, 0, 0, 0, 0, 0, 0, 0, 0, 0, 0, 0, 0, 0],
[0, 0, 0, 0, 0, 0, 0, 0, 0, 0, 0, 0, 0, 0, 0, 0, 0, 0, 0, 0, 0, 0, 0, 0, 0, 0],
[-4, 0, -3, 0, 6, 0, -3, -3, -6, 0, 0, 0, 1, 0, 6, 3, 0, 0, 0, 0, 0, -3, 0, 0, 0, 0],
[0, 0, 0, 0, 0, 0, 0, 1, 0, 0, 0, 0, 0, 0, 0, 0, 0, 0, 0, 0, 0, 0, 0, 0, 0, 0],
[0, 0, 2, 0, -1, 0, 0, 1, 1, 0, 0, 0, 0, 0, -1, 0, 0, 0, 0, 0, 0, 0, 0, 0, 0, 0],
[0, 0, 1, 0, 0, 0, 0, 0, 0, 0, 0, 0, 0, 0, 0, 0, 0, 0, 0, 0, 0, 0, 0, 0, 0, 0],
[0, 0, 1, 0, 0, 0, 0, 0, 0, 0, 0, 0, 0, 0, 0, 0, 0, 0, 0, 0, 0, 0, 0, 0, 0, 0],
[0, 0, 0, 0, 0, 0, 0, 0, 0, 0, 0, 0, 0, 0, 0, 0, 0, 0, 0, 0, 0, 0, 0, 0, 0, 0],
[0, 0, 0, 0, 0, 0, 0, 0, 0, 0, 0, 0, 0, 0, 0, 0, 0, 0, 0, 0, 0, 0, 0, 0, 0, 0],
[2, 0, 2, 0, -4, 0, 2, 3, 4, 0, 0, 0, 0, 0, -4, -2, 0, 0, 0, 0, 0, 2, 0, 0, 0, 0],
[0, 0, 1, 0, -1, 0, 0, 2, 1, 0, 0, 0, 0, 0, -1, 0, 0, 0, 0, 0, 0, 0, 0, 0, 0, 0],
[0, 0, 2, 0, -1, 0, 0, 1, 1, 0, 0, 0, 0, 0, -1, 0, 0, 0, 0, 0, 0, 0, 0, 0, 0, 0],
[1, 0, 0, 0, -2, 0, 1, 2, 2, 0, 0, 0, 0, 0, -2, -1, 0, 0, 0, 0, 0, 1, 0, 0, 0, 0],
[-2, 0, -2, 0, 3, 0, -2, -1, -3, 0, 0, 0, 0, 1, 3, 2, 0, 0, 0, 0, 0, -2, 0, 0, 0, 0],
[-1, 0, -2, 0, 2, 0, -1, 0, -2, 0, 0, 0, 0, 0, 2, 1, 0, 0, 0, 0, 0, -1, 0, 0, 0, 0],
[0, 0, 2, 0, -1, 0, 0, 1, 1, 0, 0, 0, 0, 0, -1, 0, 0, 0, 0, 0, 0, 0, 0, 0, 0, 0],
[-1, 0, -4, 0, 2, 0, 0, 0, -2, 0, 0, 0, 0, 0, 2, 0, 0, 0, 0, 0, 0, 0, 0, 0, 0, 0],
[4, 0, 5, 0, -9, 0, 4, 6, 9, 0, 0, 0, -1, 0, -9, -4, 0, 0, 0, 0, 0, 4, 0, 0, 0, 0],
[-1, 0, -1, 0, 2, 0, -1, -1, -2, 0, 0, 0, 0, 0, 2, 1, 0, 0, 0, 0, 0, -1, 0, 0, 0, 0],
[-1, 0, 0, 0, 1, 0, -1, -1, -1, 0, 0, 0, 0, 1, 1, 1, 0, 0, 0, 0, 0, -1, 0, 0, 0, 0],
[0, 0, 2, 0, -1, 0, 0, 1, 1, 0, 0, 0, 0, 0, -1, 0, 0, 0, 0, 0, 0, 0, 0, 0, 0, 0],
[-5, 0, -6, 0, 8, 0, -4, -3, -8, 0, 0, 0, 0, 1, 8, 4, 0, 0, 0, 0, 0, -4, 0, 0, 0, 0]
]

mu[2, 2] = [
[0, 1, 0, 0, 0, -1, 0, 0, 0, 1, -1, 0, 0, 0, 0, 2, 0, 0, 0, 0, 0, 0, 0, 0, 0, 0],
[0, 0, 0, 0, 0, 0, 0, 0, 0, 0, 0, 0, 0, 0, 0, 0, 0, 0, 0, 0, 0, 0, 0, 0, 0, 0],
[0, 0, 0, 0, 0, 0, 0, 0, 0, 1, 0, 0, 0, 0, 0, 2, 0, 0, 0, 0, 0, 0, 0, 0, 0, 0],
[0, -3, 0, 0, 2, 3, 0, -2, -2, 3, 3, 0, 0, 2, 2, 4, 0, 0, 2, 0, 0, 0, 0, 0, 0, 0],
[0, 1, 0, 0, 0, -1, 0, 0, 0, 1, -1, 0, 0, 0, 0, 1, 0, 0, 0, 0, 0, 0, 0, 0, 0, 0],
[0, 0, 0, 0, 0, 0, 0, 0, 0, 0, 0, 0, 0, 0, 0, 0, 0, 0, 0, 0, 0, 0, 0, 0, 0, 0],
[0, 4, 0, 0, -3, -4, 0, 3, 3, -5, -4, 0, 0, -3, -3, -6, 0, 0, -3, 0, 0, 0, 0, 0, 0, 0],
[0, 1, 0, 0, 0, -1, 0, 0, 0, 1, -1, 0, 0, 0, 0, 2, 0, 0, 0, 0, 0, 0, 0, 0, 0, 0],
[0, 0, 0, 0, 0, 0, 0, 0, 0, 0, 0, 0, 0, 0, 0, 0, 0, 0, 0, 0, 0, 0, 0, 0, 0, 0],
[0, 0, 0, 0, 0, 0, 0, 0, 0, 0, 0, 0, 0, 0, 0, 0, 0, 0, 0, 0, 0, 0, 0, 0, 0, 0],
[0, 0, 0, 0, 0, 0, 0, 0, 0, 0, 0, 0, 0, 0, 0, 0, 0, 0, 0, 0, 0, 0, 0, 0, 0, 0],
[0, 0, 0, 0, 0, 0, 0, 0, 0, 0, 0, 0, 0, 0, 0, 0, 0, 0, 0, 0, 0, 0, 0, 0, 0, 0],
[0, -1, 0, 0, 2, 1, 0, -2, -2, 0, 1, 0, 0, 2, 2, 1, 0, 0, 0, 0, 0, -1, 0, 0, 0, 0],
[0, -3, 0, 0, 2, 3, 0, -2, -2, 3, 3, 0, 0, 2, 2, 4, 0, 0, 2, 0, 0, 0, 0, 0, 0, 0],
[0, 0, 0, 0, 0, 0, 0, 0, 0, 0, 0, 0, 0, 0, 0, 0, 0, 0, 0, 0, 0, 0, 0, 0, 0, 0],
[0, 0, 0, 0, 0, 0, 0, 0, 0, 0, 0, 0, 0, 0, 0, 0, 0, 0, 0, 0, 0, 0, 0, 0, 0, 0],
[0, 0, 0, 0, 0, 0, 0, 0, 0, 0, 0, 0, 0, 0, 0, 0, 0, 0, 0, 0, 0, 0, 0, 0, 0, 0],
[0, 1, 0, 0, -1, -1, 0, 1, 1, -2, -1, 0, 0, -1, -1, -1, 0, 0, -1, 0, 0, 0, 0, 0, 0, 0],
[0, 3, 0, 0, -2, -3, 0, 2, 2, -3, -3, 0, 0, -2, -2, -3, 0, 0, -2, 0, 0, 0, 0, 0, 0, 0],
[0, 0, 0, 0, 0, 0, 0, 0, 0, 0, 0, 0, 0, 0, 0, 0, 0, 0, 0, 0, 0, 0, 0, 0, 0, 0],
[0, 3, 0, 0, -2, -3, 0, 2, 2, -3, -3, 0, 0, -2, -2, -3, 0, 0, -2, 0, 0, 0, 0, 0, 0, 0],
[0, -6, 0, 0, 4, 6, 0, -4, -4, 6, 6, 0, 0, 4, 4, 6, 0, 0, 4, 0, 0, 0, 0, 0, 0, 0],
[0, 3, 0, 0, -2, -3, 0, 2, 2, -2, -3, 0, 0, -2, -2, -1, 0, 0, -2, 0, 0, 0, 0, 0, 0, 0],
[0, 0, 0, 0, 0, 0, 0, 0, 0, 0, 0, 0, 0, 0, 0, 0, 0, 0, 0, 0, 0, 0, 0, 0, 0, 0],
[0, 0, 0, 0, 0, 0, 0, 0, 0, 1, 0, 0, 0, 0, 0, 2, 0, 0, 0, 0, 0, 0, 0, 0, 0, 0],
[0, 6, 0, 0, -4, -6, 0, 4, 4, -6, -6, 0, 0, -4, -4, -6, 0, 0, -4, 0, 0, 0, 0, 0, 0, 0]
]

mu[1, 2] = [
[2, 0, 0, 2, -3, 0, 2, 1, 0, 0, 0, -2, 0, -1, 2, 0, 0, -2, 0, 0, -1, 0, 0, 2, 0, 0],
[0, 0, 0, 0, 0, 0, 0, 0, 0, 0, 0, 0, 0, 0, 0, 0, 0, 0, 0, 0, 0, 0, 0, 0, 0, 0],
[1, 1, 0, 1, -2, -1, 1, 1, 2, 0, -1, -1, 0, -1, 0, 1, 0, -1, -1, 0, 0, 0, 0, 1, 0, 0],
[3, 1, 0, 3, -4, -1, 3, 1, 3, 0, -1, -1, 0, -1, 1, 1, 0, -3, -1, 0, 0, 0, 0, 3, 0, 0],
[1, 1, 0, 1, -2, -1, 1, 1, 0, 0, -1, -1, 0, -1, 1, 1, 0, -1, -1, 0, 0, 0, 0, 1, 0, 0],
[0, 0, 0, 0, 0, 0, 0, 0, 0, 0, 0, 0, 0, 0, 0, 0, 0, 0, 0, 0, 0, 0, 0, 0, 0, 0],
[-6, -1, 0, -6, 8, 1, -6, -2, -3, 0, 1, 3, 0, 2, -3, -1, 0, 6, 1, 0, 1, 0, 0, -6, 0, 0],
[1, 1, 0, 1, -2, -1, 1, 1, 1, 0, -1, -1, 0, -1, 1, 1, 0, -1, -1, 0, 0, 0, 0, 1, 0, 0],
[0, 0, 0, 0, 0, 0, 0, 0, 0, 0, 0, 0, 0, 0, 0, 0, 0, 0, 0, 0, 0, 0, 0, 0, 0, 0],
[0, 0, 0, 0, 0, 0, 0, 0, 0, 0, 0, 0, 0, 0, 0, 0, 0, 0, 0, 0, 0, 0, 0, 0, 0, 0],
[0, 0, 0, 0, 0, 0, 0, 0, 0, 0, 0, 0, 0, 0, 0, 0, 0, 0, 0, 0, 0, 0, 0, 0, 0, 0],
[0, 0, 0, 0, 0, 0, 0, 0, 0, 0, 0, 0, 0, 0, 0, 0, 0, 0, 0, 0, 0, 0, 0, 0, 0, 0],
[0, 0, 0, 0, 0, 0, 0, 0, 0, 0, 0, 0, 0, 0, 0, 0, 0, 0, 0, 0, 0, 0, 0, 0, 0, 0],
[3, 1, 0, 3, -4, -1, 3, 1, 3, 0, -1, -1, 0, -1, 1, 1, 0, -3, -1, 0, 0, 0, 0, 3, 0, 0],
[0, 0, 0, 0, 0, 0, 0, 0, 0, 0, 0, 0, 0, 0, 0, 0, 0, 0, 0, 0, 0, 0, 0, 0, 0, 0],
[0, 0, 0, 0, 0, 0, 0, 0, 0, 0, 0, 0, 0, 0, 0, 0, 0, 0, 0, 0, 0, 0, 0, 0, 0, 0],
[0, 0, 0, 0, 0, 0, 0, 0, 0, 0, 0, 0, 0, 0, 0, 0, 0, 0, 0, 0, 0, 0, 0, 0, 0, 0],
[-2, -1, 0, -2, 3, 1, -2, -1, 0, 0, 1, 1, 0, 1, -1, -1, 0, 2, 1, 0, 0, 0, 0, -2, 0, 0],
[-3, -1, 0, -3, 4, 1, -3, -1, -2, 0, 1, 1, 0, 1, -1, -1, 0, 3, 1, 0, 0, 0, 0, -3, 0, 0],
[0, 0, 0, 0, 0, 0, 0, 0, 0, 0, 0, 0, 0, 0, 0, 0, 0, 0, 0, 0, 0, 0, 0, 0, 0, 0],
[-3, -1, 0, -3, 4, 1, -3, -1, -2, 0, 1, 1, 0, 1, -1, -1, 0, 3, 1, 0, 0, 0, 0, -3, 0, 0],
[6, 2, 0, 6, -8, -2, 6, 2, 4, 0, -2, -2, 0, -2, 2, 2, 0, -6, -2, 0, 0, 0, 0, 6, 0, 0],
[-2, -1, 0, -2, 2, 1, -2, 0, -2, 0, 1, 1, 0, 0, 0, -1, 0, 2, 1, 0, 1, 0, 0, -1, 0, -1],
[0, 0, 0, 0, 0, 0, 0, 0, 0, 0, 0, 0, 0, 0, 0, 0, 0, 0, 0, 0, 0, 0, 0, 0, 0, 0],
[1, 1, 0, 1, -2, -1, 1, 1, 2, 0, -1, -1, 0, -1, 0, 1, 0, -1, -1, 0, 0, 0, 0, 1, 0, 0],
[-6, -2, 0, -6, 8, 2, -6, -2, -4, 0, 2, 2, 0, 2, -2, -2, 0, 6, 2, 0, 0, 0, 0, -6, 0, 0]
]

mu[0, 2] = [
[2, 0, 0, 2, -2, 0, 2, 0, -2, 0, 0, 0, 0, 0, 2, 0, 0, -2, 0, 0, 0, 0, 0, 2, 0, 0],
[1, 1, 0, 1, -2, -1, 1, 1, 1, 0, -1, -1, 0, -1, 1, 1, 0, -1, -1, 0, 0, 0, 0, 1, 0, 0],
[1, 1, 0, 1, -2, -1, 1, 1, 2, 0, -1, -1, 0, -1, 0, 1, 0, -1, -1, 0, 0, 0, 0, 1, 0, 0],
[4, 1, 0, 4, -5, -1, 4, 1, -1, 0, -1, -1, 0, -1, 2, 1, 0, -4, -1, 0, 0, 0, 0, 4, 0, 0],
[1, 1, 0, 1, -2, -1, 1, 1, 0, 0, -1, -1, 0, -1, 1, 1, 0, -1, -1, 0, 0, 0, 0, 1, 0, 0],
[1, 1, 0, 1, -2, -1, 1, 1, 0, 0, -1, -1, 0, -1, 1, 1, 0, -1, -1, 0, 0, 0, 0, 1, 0, 0],
[-6, -1, 0, -6, 7, 1, -6, -1, 2, 0, 1, 1, 0, 1, -3, -1, 0, 6, 1, 0, 0, 0, 0, -6, 0, 0],
[1, 1, 0, 1, -2, -1, 1, 1, 1, 0, -1, -1, 0, -1, 1, 1, 0, -1, -1, 0, 0, 0, 0, 1, 0, 0],
[0, 0, 0, 0, 0, 0, 0, 0, 0, 0, 0, 0, 0, 0, 0, 0, 0, 0, 0, 0, 0, 0, 0, 0, 0, 0],
[0, 0, 0, 0, 0, 0, 0, 0, 0, 0, 0, 0, 0, 0, 0, 0, 0, 0, 0, 0, 0, 0, 0, 0, 0, 0],
[0, 0, 0, 0, 0, 0, 0, 0, 1, 0, 0, 0, 0, 0, 0, 0, 0, 0, 0, 0, 0, 0, 0, 0, 0, 0],
[0, 0, 0, 0, 0, 0, 0, 0, 0, 0, 0, 0, 0, 0, 0, 0, 0, 0, 0, 0, 0, 0, 0, 0, 0, 0],
[0, 0, 0, 0, 0, 0, 0, 0, 0, 0, 0, 0, 0, 0, 0, 0, 0, 0, 0, 0, 0, 0, 0, 0, 0, 0],
[3, 1, 0, 3, -4, -1, 3, 1, 1, 0, -1, -1, 0, -1, 1, 1, 0, -3, -1, 0, 0, 0, 0, 3, 0, 0],
[0, 0, 0, 0, 0, 0, 0, 0, 0, 0, 0, 0, 0, 0, 0, 0, 0, 0, 0, 0, 0, 0, 0, 0, 0, 0],
[0, 0, 0, 0, 0, 0, 0, 0, 0, 0, 0, 0, 0, 0, 0, 0, 0, 0, 0, 0, 0, 0, 0, 0, 0, 0],
[2, 1, 0, 2, -3, -1, 2, 1, 0, 0, -1, -1, 0, -1, 1, 1, 0, -2, -1, 0, 0, 0, 0, 2, 0, 0],
[-1, -1, 0, -1, 2, 1, -1, -1, -1, 0, 1, 1, 0, 1, 0, -1, 0, 1, 1, 0, 0, 0, 0, -1, 0, 0],
[-3, -1, 0, -3, 4, 1, -3, -1, 0, 0, 1, 1, 0, 1, -1, -1, 0, 3, 1, 0, 0, 0, 0, -3, 0, 0],
[2, 1, 0, 2, -3, -1, 2, 1, 0, 0, -1, -1, 0, -1, 1, 1, 0, -2, -1, 0, 0, 0, 0, 3, 0, 0],
[-3, -1, 0, -3, 4, 1, -3, -1, 0, 0, 1, 1, 0, 1, -1, -1, 0, 3, 1, 0, 0, 0, 0, -3, 0, 0],
[6, 2, 0, 6, -8, -2, 6, 2, 0, 0, -2, -2, 0, -2, 2, 2, 0, -6, -2, 0, 0, 0, 0, 6, 0, 0],
[-2, -1, 0, -2, 3, 1, -2, -1, 0, 0, 1, 1, 0, 1, -1, -1, 0, 2, 1, 0, 0, 0, 0, -2, 0, 0],
[0, 0, 0, 0, 0, 0, 0, 0, 0, 0, 0, 0, 0, 0, 0, 0, 0, 0, 0, 0, 0, 0, 0, 0, 0, 0],
[1, 0, 0, 1, -2, 0, 1, 1, 0, 0, 0, 0, 0, -1, 1, 0, 0, -1, 0, 0, 1, 0, 0, 2, 0, -1],
[-6, -2, 0, -6, 8, 2, -6, -2, 0, 0, 2, 2, 0, 2, -2, -2, 0, 6, 2, 0, 0, 0, 0, -6, 0, 0]
]

mu[1, 1] = [
[0, 0, 1, 0, 0, 0, 0, 1, 0, 0, 0, 0, 0, 0, 0, 0, 0, 0, 0, 0, 0, 0, 0, 0, 0, 0],
[0, 0, 0, 0, 0, 0, 0, 0, 0, 0, 0, 0, 0, 0, 0, 0, 0, 0, 0, 0, 0, 0, 0, 0, 0, 0],
[0, 0, 2, 0, -1, 0, 0, 1, 1, 0, 0, 0, 0, 0, -1, 0, 0, 0, 0, 0, 0, 0, 0, 0, 0, 0],
[2, 0, 3, 0, -4, 0, 2, 3, 4, 0, 0, 0, 0, 0, -4, -2, 0, 0, 0, 0, 0, 2, 0, 0, 0, 0],
[0, 0, 0, 0, 0, 0, 0, 1, 0, 0, 0, 0, 0, 0, 0, 0, 0, 0, 0, 0, 0, 0, 0, 0, 0, 0],
[0, 0, 0, 0, 0, 0, 0, 0, 0, 0, 0, 0, 0, 0, 0, 0, 0, 0, 0, 0, 0, 0, 0, 0, 0, 0],
[-3, 0, -4, 0, 6, 0, -3, -5, -6, 0, 0, 0, 0, 0, 6, 3, 0, 0, 0, 0, 0, -3, 0, 0, 0, 0],
[0, 0, 1, 0, 0, 0, 0, 1, 0, 0, 0, 0, 0, 0, 0, 0, 0, 0, 0, 0, 0, 0, 0, 0, 0, 0],
[0, 0, 0, 0, 0, 0, 0, 0, 0, 0, 0, 0, 0, 0, 0, 0, 0, 0, 0, 0, 0, 0, 0, 0, 0, 0],
[0, 0, 0, 0, 0, 0, 0, 0, 0, 0, 0, 0, 0, 0, 0, 0, 0, 0, 0, 0, 0, 0, 0, 0, 0, 0],
[0, 0, 0, 0, 0, 0, 0, 0, 0, 0, 0, 0, 0, 0, 0, 0, 0, 0, 0, 0, 0, 0, 0, 0, 0, 0],
[0, 0, 0, 0, 0, 0, 0, 0, 0, 0, 0, 0, 0, 0, 0, 0, 0, 0, 0, 0, 0, 0, 0, 0, 0, 0],
[2, 0, 0, 0, -2, 0, 2, 1, 2, 0, 0, 0, 0, -1, -2, -2, 0, 0, 0, 0, 0, 2, 0, 0, 0, 0],
[2, 0, 3, 0, -4, 0, 2, 3, 4, 0, 0, 0, 0, 0, -4, -2, 0, 0, 0, 0, 0, 2, 0, 0, 0, 0],
[0, 0, 0, 0, 0, 0, 0, 0, 0, 0, 0, 0, 0, 0, 0, 0, 0, 0, 0, 0, 0, 0, 0, 0, 0, 0],
[0, 0, 0, 0, 0, 0, 0, 0, 0, 0, 0, 0, 0, 0, 0, 0, 0, 0, 0, 0, 0, 0, 0, 0, 0, 0],
[0, 0, 0, 0, 0, 0, 0, 0, 0, 0, 0, 0, 0, 0, 0, 0, 0, 0, 0, 0, 0, 0, 0, 0, 0, 0],
[-1, 0, 0, 0, 2, 0, -1, -2, -2, 0, 0, 0, 0, 0, 2, 1, 0, 0, 0, 0, 0, -1, 0, 0, 0, 0],
[-2, 0, -2, 0, 4, 0, -2, -3, -4, 0, 0, 0, 0, 0, 4, 2, 0, 0, 0, 0, 0, -2, 0, 0, 0, 0],
[0, 0, 0, 0, 0, 0, 0, 0, 0, 0, 0, 0, 0, 0, 0, 0, 0, 0, 0, 0, 0, 0, 0, 0, 0, 0],
[-2, 0, -2, 0, 4, 0, -2, -3, -4, 0, 0, 0, 0, 0, 4, 2, 0, 0, 0, 0, 0, -2, 0, 0, 0, 0],
[4, 0, 4, 0, -8, 0, 4, 6, 8, 0, 0, 0, 0, 0, -8, -4, 0, 0, 0, 0, 0, 4, 0, 0, 0, 0],
[-1, 0, 0, 0, 3, 0, -2, -3, -3, 0, 0, 0, 0, 0, 3, 2, 0, 0, 0, 0, 0, -2, 0, 0, 0, 0],
[0, 0, 0, 0, 0, 0, 0, 0, 0, 0, 0, 0, 0, 0, 0, 0, 0, 0, 0, 0, 0, 0, 0, 0, 0, 0],
[0, 0, 2, 0, -1, 0, 0, 1, 1, 0, 0, 0, 0, 0, -1, 0, 0, 0, 0, 0, 0, 0, 0, 0, 0, 0],
[-4, 0, -4, 0, 8, 0, -4, -6, -8, 0, 0, 0, 0, 0, 8, 4, 0, 0, 0, 0, 0, -4, 0, 0, 0, 0]
]

mu[0, 1] = [
[2, 0, -2, 0, -2, 0, 2, 2, 2, 0, 0, 0, -1, 0, -2, -2, 0, 0, 0, 0, 0, 2, 0, 0, 0, 0],
[0, 0, 1, 0, 0, 0, 0, 1, 0, 0, 0, 0, 0, 0, 0, 0, 0, 0, 0, 0, 0, 0, 0, 0, 0, 0],
[0, 0, 2, 0, -1, 0, 0, 1, 1, 0, 0, 0, 0, 0, -1, 0, 0, 0, 0, 0, 0, 0, 0, 0, 0, 0],
[3, 0, -1, 0, -5, 0, 3, 4, 5, 0, 0, 0, 0, 0, -5, -3, 0, 0, 0, 0, 0, 3, 0, 0, 0, 0],
[0, 0, 0, 0, 0, 0, 0, 1, 0, 0, 0, 0, 0, 0, 0, 0, 0, 0, 0, 0, 0, 0, 0, 0, 0, 0],
[0, 0, 0, 0, 0, 0, 0, 1, 0, 0, 0, 0, 0, 0, 0, 0, 0, 0, 0, 0, 0, 0, 0, 0, 0, 0],
[-5, 0, 2, 0, 8, 0, -5, -6, -8, 0, 0, 0, 1, 0, 8, 5, 0, 0, 0, 0, 0, -5, 0, 0, 0, 0],
[0, 0, 1, 0, 0, 0, 0, 1, 0, 0, 0, 0, 0, 0, 0, 0, 0, 0, 0, 0, 0, 0, 0, 0, 0, 0],
[0, 0, 0, 0, 0, 0, 0, 0, 0, 0, 0, 0, 0, 0, 0, 0, 0, 0, 0, 0, 0, 0, 0, 0, 0, 0],
[0, 0, 0, 0, 0, 0, 0, 0, 0, 0, 0, 0, 0, 0, 0, 0, 0, 0, 0, 0, 0, 0, 0, 0, 0, 0],
[0, 0, 1, 0, 0, 0, 0, 0, 0, 0, 0, 0, 0, 0, 0, 0, 0, 0, 0, 0, 0, 0, 0, 0, 0, 0],
[0, 0, 0, 0, 0, 0, 0, 0, 0, 0, 0, 0, 0, 0, 0, 0, 0, 0, 0, 0, 0, 0, 0, 0, 0, 0],
[0, 0, 0, 0, 0, 0, 0, 0, 0, 0, 0, 0, 0, 0, 0, 0, 0, 0, 0, 0, 0, 0, 0, 0, 0, 0],
[2, 0, 1, 0, -4, 0, 2, 3, 4, 0, 0, 0, 0, 0, -4, -2, 0, 0, 0, 0, 0, 2, 0, 0, 0, 0],
[0, 0, 0, 0, 0, 0, 0, 0, 0, 0, 0, 0, 0, 0, 0, 0, 0, 0, 0, 0, 0, 0, 0, 0, 0, 0],
[0, 0, 0, 0, 0, 0, 0, 0, 0, 0, 0, 0, 0, 0, 0, 0, 0, 0, 0, 0, 0, 0, 0, 0, 0, 0],
[1, 0, 0, 0, -2, 0, 1, 2, 2, 0, 0, 0, 0, 0, -2, -1, 0, 0, 0, 0, 0, 1, 0, 0, 0, 0],
[0, 0, -1, 0, 1, 0, 0, -1, -1, 0, 0, 0, 0, 0, 1, 0, 0, 0, 0, 0, 0, 0, 0, 0, 0, 0],
[-2, 0, 0, 0, 4, 0, -2, -3, -4, 0, 0, 0, 0, 0, 4, 2, 0, 0, 0, 0, 0, -2, 0, 0, 0, 0],
[0, 0, 1, 0, -1, 0, 0, 1, 1, 0, 0, 0, 0, 0, -1, 0, 0, 0, 0, 0, 0, 0, 0, 0, 1, 0],
[-2, 0, 0, 0, 4, 0, -2, -3, -4, 0, 0, 0, 0, 0, 4, 2, 0, 0, 0, 0, 0, -2, 0, 0, 0, 0],
[4, 0, 0, 0, -8, 0, 4, 6, 8, 0, 0, 0, 0, 0, -8, -4, 0, 0, 0, 0, 0, 4, 0, 0, 0, 0],
[-1, 0, 0, 0, 2, 0, -1, -2, -2, 0, 0, 0, 0, 0, 2, 1, 0, 0, 0, 0, 0, -1, 0, 0, 0, 0],
[0, 0, 0, 0, 0, 0, 0, 0, 0, 0, 0, 0, 0, 0, 0, 0, 0, 0, 0, 0, 0, 0, 0, 0, 0, 0],
[1, 0, 2, 0, -1, 0, 0, 0, 1, 0, 0, 0, 0, 0, -1, 0, 0, 0, 0, 0, 0, 0, 0, 0, 0, 0],
[-4, 0, 0, 0, 8, 0, -4, -6, -8, 0, 0, 0, 0, 0, 8, 4, 0, 0, 0, 0, 0, -4, 0, 0, 0, 0]
]

rho = [0, 1, 1, 0, 0, 0, 0, 1, 1, 1, 1, 0, 0, 1, 1, 1, 0, 0, 0, 0, 0, 1, 0, 0, 1, 0]
